Probability matrix
A:	0.080505303170624	0.17982938942054	0.104814643997343	0.417044510946302	0.475790606356158	0.61478295331039	0.732434909635909	0.191115655212837	0.0570627717950041	0.00852177001177165	0.90849428907719	0.00243658582083814	0.00244334763257552	0.949673514128119	0.708710312858671	0.157299552836922	0.356220770478212	0.368554544478952	0.168309339526363	0.260000025968548	0.305415220995781	0.321645053678519	0.280645040105299
C:	0.0325352281650563	0.35997779612879	0.24648322867185	0.184772495238501	0.0632983449030188	0.170870210972238	0.0494140748009152	0.532669041533666	0.00280386240633581	0.00122023587082791	0.0889347588203829	0.0139920673628471	0.0517466954002808	0.000499157488890347	0.0401098060407747	0.0375081343415274	0.372639947461318	0.0958186889468451	0.29125011833509	0.128275193148044	0.418595518621622	0.348647353746669	0.272874057891548
G:	0.697217612722178	0.204394174108335	0.394444616822436	0.244846768764068	0.264930210687771	0.101658306240717	0.116044901372807	0.0867838915563273	0.936014927356769	0.985442096705234	0.000902102369483953	0.000881337399257638	0.000693639027801907	0.00304082591929345	0.227779872072094	0.045691035759326	0.129986830213832	0.26200277692947	0.103339441601153	0.52700482861882	0.147590958380342	0.23769168377404	0.100753217365218
T:	0.189741855942142	0.255798640342335	0.254257510508372	0.153336225051128	0.195980838053052	0.112688529476654	0.102106114190369	0.189431411697169	0.00411843844189138	0.00481589741216659	0.00166884973294317	0.982690009417057	0.945116317939342	0.0467865024636975	0.0234000090284603	0.759501277062224	0.141152451846639	0.273623989644733	0.437101100537394	0.0847199522645881	0.128398302002255	0.0920159088007717	0.345727684637935
